%YAML:1.0
---
model_type: PINHOLE
camera_name: camera
image_width: 848
image_height: 480
distortion_parameters:
   k1: 0.0
   k2: 0.0
   p1: 0.0
   p2: 0.0
projection_parameters:
   fx: 4.176011962890625e+02
   fy: 4.243343200683594e+02
   cx: 4.176011962890625e+02
   cy: 2.4097523498535156e+02
